995 99 987 959 955 
95 947 939 935 931 
927 923 907 903 895 
883 879 871 867 863 
855 843 839 831 827 
823 8191 8183 8175 8167 
8163 8155 8151 815 8139 
8135 8131 8127 8123 8115 
8111 811 8099 8091 8087 
8079 807 8063 8055 8051 
8039 803 8015 8011 7995 
7971 7967 7963 7951 7943 
7939 7931 7927 7919 791 
7895 7887 7879 7871 7867 
7859 7855 7851 7839 7831 
7827 7823 7819 7815 7811 
7803 7795 7779 7775 7771 
7767 7759 7755 7751 7747 
7743 7723 7719 771 7707 
7703 7699 7695 7679 7675 
767 7663 7659 7651 7647 
7631 763 7619 7603 7599 
7595 7591 7587 7571 7567 
7563 7559 7539 7535 7531 
7527 7511 7503 7499 7495 
7479 7471 7467 7463 7459 
7447 7443 7439 7435 7431 
743 7427 7403 7399 7387 
7375 7371 7367 7359 7355 
7351 735 7347 7327 7323 
7315 731 7299 7295 7283 
7279 7275 7271 7267 7255 
7247 7235 7227 7223 7215 
7203 7199 7191 7187 7179 
7175 7171 7167 7147 7139 
7135 7131 7119 7115 7111 
711 7107 71 7099 7095 
7091 7075 707 7059 7047 
7035 7031 7027 7023 7007 
7003 7 6999 6991 699 
6983 6975 6971 6967 6959 
6951 695 6939 6931 6923 
6911 691 6907 6903 6871 
687 6863 6847 6839 6835 
683 6823 6807 6803 6795 
6791 6787 6783 6779 6775 
6771 6767 6759 6755 6747 
6731 6727 6723 6711 6703 
67 6699 6695 6691 6687 
6683 6675 6663 6659 6647 
6631 6627 6623 6619 6615 
6599 6595 6579 6571 6563 
6559 6555 6551 6547 6539 
6519 6515 6511 651 6503 
6495 6475 6463 6459 6447 
6443 643 6419 6407 6399 
6391 6379 6367 6363 6359 
635 6331 6323 6315 63 
6299 6295 6291 6279 6275 
6271 627 6259 6255 6251 
6243 6215 6203 619 6183 
6179 6171 6163 6155 615 
6147 6139 6127 6123 6091 
6083 6079 6075 6067 6063 
6055 6051 6047 6035 603 
6023 6015 6011 6003 5995 
5991 599 5983 5979 5975 
5955 5951 5919 5915 5911 
5907 5903 59 5899 5895 
5887 5883 5871 587 5863 
5859 5855 5843 5835 5831 
5815 5811 5807 579 5779 
5775 5763 5747 5731 5727 
5719 5715 571 5695 5687 
567 5667 5655 5651 5647 
5639 5635 5615 5595 5587 
5571 5567 5559 5555 5551 
555 5547 5543 5539 5531 
5523 5519 5515 5511 5503 
5491 5463 5459 5451 5447 
5443 5435 5431 5419 5415 
5407 5399 5395 5391 539 
5367 5359 5351 535 5347 
5343 5339 5331 5327 5307 
5303 5295 5291 5287 5279 
5271 527 5267 5263 5259 
5255 5243 5239 5227 5223 
5219 5215 5211 5203 5199 
5195 519 5183 5179 5175 
5171 5163 5155 5147 5139 
5135 5127 5123 5119 5115 
5111 5107 5103 5099 5095 
5087 5079 5075 5071 507 
5067 5063 5059 5047 5039 
503 5015 5011 5007 4995 
4991 4987 4983 4971 4955 
495 4947 4943 4931 4915 
491 4891 4883 4879 4875 
4871 4855 4851 4843 4835 
483 4823 4819 4815 4811 
4799 4775 4771 4767 4763 
4759 4755 4751 4743 4735 
4727 4719 4707 4703 4691 
4687 4679 4671 4659 4655 
4647 4643 4639 4627 4619 
4611 4607 4595 4583 4575 
4571 4567 4563 4559 4555 
455 4547 4539 4519 4507 
4499 4491 4483 447 4463 
4455 4447 4439 4435 4431 
4427 4419 4415 4411 4403 
4399 4395 439 4375 4371 
4359 435 4347 4339 4327 
4323 431 4307 4303 4295 
4287 4283 427 4267 4259 
4255 4243 4235 4223 4219 
4207 419 4187 4183 4179 
4175 4171 4151 415 4147 
4143 4139 4131 4127 4123 
4119 4115 4099 4091 4083 
4075 407 4063 4051 4047 
4023 4011 4007 3999 399 
3987 3979 3975 3971 3951 
3947 3939 3935 3931 3927 
3923 3911 3907 3903 39 
3891 3887 3883 3879 3863 
3851 3839 383 3827 3819 
3815 3811 3807 3803 3795 
379 3787 3779 3767 3751 
375 3747 3739 3711 371 
3703 3695 3691 3687 3667 
3643 3639 3635 3631 363 
3619 3615 3595 3591 3587 
3575 3571 3559 355 3547 
3543 3539 3531 3527 3519 
3515 3511 3487 3483 3479 
347 3459 3455 3451 3447 
3427 3423 3419 3411 3395 
3391 3387 3379 3359 3355 
3327 3323 3319 3315 3311 
3299 3295 3287 3283 327 
3267 3247 3243 3239 3235 
3223 3215 3211 3207 3195 
3191 3163 3155 3147 3143 
3135 3123 3115 3111 311 
3099 3087 3067 3063 3059 
3055 3047 3031 3027 3007 
2991 2987 2983 2975 2971 
2967 2959 2955 295 2947 
2943 2923 2919 2915 291 
2899 2891 2883 287 2867 
2859 2851 2847 2839 2831 
283 2823 2819 2803 2799 
2795 2791 2787 2783 2779 
2771 2763 2759 2755 2747 
2735 2731 2723 2719 2715 
271 2703 267 2667 2655 
2647 2643 2623 2619 2611 
259 2583 2575 2571 2559 
2555 255 2547 2543 2539 
2515 2511 2507 2491 2487 
2479 2471 247 2447 2439 
2435 2431 2427 2403 2395 
2391 239 2387 2383 2375 
2371 2359 2355 235 2343 
2339 2335 2331 2327 2319 
2315 2307 2299 2291 2287 
2279 2275 2259 2255 2251 
2243 2239 2231 223 2223 
2215 2211 2207 2191 219 
2171 2151 215 2143 2139 
2135 2131 2127 2123 2115 
2111 2103 2099 2095 2091 
2079 2063 2055 2047 2039 
2035 203 2023 2019 2015 
2011 2007 2003 1999 1991 
1975 1963 1947 1943 1931 
1923 1911 1903 1891 1875 
1871 1867 1863 1851 1847 
1843 1839 1835 183 1827 
1795 179 1783 1779 1771 
1755 1751 175 1743 1731 
1727 1723 1707 1703 1699 
1695 1691 1687 1675 1671 
167 1663 1659 1655 1647 
1643 1639 1615 1607 1603 
1595 1587 1583 1579 1575 
1567 1563 155 1547 1535 
1531 1527 1523 1515 1511 
151 1507 1503 15 1495 
1487 1483 1479 1467 1439 
1431 143 1411 1403 1399 
1391 1387 1383 1379 1375 
1371 1359 135 1343 1327 
1315 131 1307 1291 1287 
1283 1279 1275 1259 1227 
1223 1219 1215 1203 119 
1151 115 1139 1135 1111 
11 1095 1091 1071 107 
1063 1055 1047 1035 103 
